0 1
1 2
2 3
3 4
4 5
5 6
6 7
7 8
8 9
9 10
10 11
11 12
12 13
13 14
14 15
15 16
16 17
17 18
18 19
19 20
20 21
21 22
22 23
23 24
24 25
25 26
26 27
27 28
28 29
29 30
30 31
31 32
32 33
33 34
34 35
35 36
36 37
37 38
38 39
39 40
40 41
41 42
42 43
43 44
44 45
45 46
46 47
47 48
48 49
49 50
50 51
51 52
52 53
53 54
54 55
55 56
56 57
57 58
58 59
59 60
60 61
61 62
62 63
63 64
64 65
65 66
66 67
67 68
68 69
69 70
70 71
71 72
72 73
73 74
74 75
75 76
76 77
77 78
78 79
79 80
80 81
81 82
82 83
83 84
84 85
85 86
86 87
87 88
88 89
89 90
90 91
91 92
92 93
93 94
94 95
95 96
96 97
97 98
98 99
99 100
100 101
101 102
102 103
103 104
104 105
105 106
106 107
107 108
108 109
109 110
110 111
111 112
112 113
113 114
114 115
115 116
116 117
117 118
118 119
119 120
120 121
121 122
122 123
123 124
124 125
125 126
126 127
127 128
128 129
129 130
130 131
131 132
132 133
133 134
134 135
135 136
136 137
137 138
138 139
139 140
140 141
141 142
142 143
143 144
144 145
145 146
146 147
147 148
148 149
149 150
150 151
151 152
152 153
153 154
154 155
155 156
156 157
157 158
158 159
159 160
160 161
161 162
162 163
163 164
164 165
165 166
166 167
167 168
168 169
169 170
170 171
171 172
172 173
173 174
174 175
175 176
176 177
177 178
178 179
179 180
180 181
181 182
182 183
183 184
184 185
185 186
186 187
187 188
188 189
189 190
190 191
191 192
192 193
193 194
194 195
195 196
196 197
197 198
198 199
199 200
200 201
201 202
202 203
203 204
204 205
205 206
206 207
207 208
208 209
209 210
210 211
211 212
212 213
213 214
214 215
215 216
216 217
217 218
218 219
219 220
220 221
221 222
222 223
223 224
224 225
225 226
226 227
227 228
228 229
229 230
230 231
231 232
232 233
233 234
234 235
235 236
236 237
237 238
238 239
239 240
240 241
241 242
242 243
243 244
244 245
245 246
246 247
247 248
248 249
249 250
250 251
251 252
252 253
253 254
254 255
255 256
256 257
257 258
258 259
259 260
260 261
261 262
262 263
263 264
264 265
265 266
266 267
267 268
268 269
269 270
270 271
271 272
272 273
273 274
274 275
275 276
276 277
277 278
278 279
279 280
280 281
281 282
282 283
283 284
284 285
285 286
286 287
287 288
288 289
289 290
290 291
291 292
292 293
293 294
294 295
295 296
296 297
297 298
298 299
299 300
300 301
301 302
302 303
303 304
304 305
305 306
306 307
307 308
308 309
309 310
310 311
311 312
312 313
313 314
314 315
315 316
316 317
317 318
318 319
319 320
320 321
321 322
322 323
323 324
324 325
325 326
326 327
327 328
328 329
329 330
330 331
331 332
332 333
333 334
334 335
335 336
336 337
337 338
338 339
339 340
340 341
341 342
342 343
343 344
344 345
345 346
346 347
347 348
348 349
349 350
350 351
351 352
352 353
353 354
354 355
355 356
356 357
357 358
358 359
359 360
360 361
361 362
362 363
363 364
364 365
365 366
366 367
367 368
368 369
369 370
370 371
371 372
372 373
373 374
374 375
375 376
376 377
377 378
378 379
379 380
380 381
381 382
382 383
383 384
384 385
385 386
386 387
387 388
388 389
389 390
390 391
391 392
392 393
393 394
394 395
395 396
396 397
397 398
398 399
399 400
400 401
401 402
402 403
403 404
404 405
405 406
406 407
407 408
408 409
409 410
410 411
411 412
412 413
413 414
414 415
415 416
416 417
417 418
418 419
419 420
420 421
421 422
422 423
423 424
424 425
425 426
426 427
427 428
428 429
429 430
430 431
431 432
432 433
433 434
434 435
435 436
436 437
437 438
438 439
439 440
440 441
441 442
442 443
443 444
444 445
445 446
446 447
447 448
448 449
449 450
450 451
451 452
452 453
453 454
454 455
455 456
456 457
457 458
458 459
459 460
460 461
461 462
462 463
463 464
464 465
465 466
466 467
467 468
468 469
469 470
470 471
471 472
472 473
473 474
474 475
475 476
476 477
477 478
478 479
479 480
480 481
481 482
482 483
483 484
484 485
485 486
486 487
487 488
488 489
489 490
490 491
491 492
492 493
493 494
494 495
495 496
496 497
497 498
498 499
499 500
500 501
501 502
502 503
503 504
504 505
505 506
506 507
507 508
508 509
509 510
510 511
511 512
512 513
513 514
514 515
515 516
516 517
517 518
518 519
519 520
520 521
521 522
522 523
523 524
524 525
525 526
526 527
527 528
528 529
529 530
530 531
531 532
532 533
533 534
534 535
535 536
536 537
537 538
538 539
539 540
540 541
541 542
542 543
543 544
544 545
545 546
546 547
547 548
548 549
549 550
550 551
551 552
552 553
553 554
554 555
555 556
556 557
557 558
558 559
559 560
560 561
561 562
562 563
563 564
564 565
565 566
566 567
567 568
568 569
569 570
570 571
571 572
572 573
573 574
574 575
575 576
576 577
577 578
578 579
579 580
580 581
581 582
582 583
583 584
584 585
585 586
586 587
587 588
588 589
589 590
590 591
591 592
592 593
593 594
594 595
595 596
596 597
597 598
598 599
599 600
600 601
601 602
602 603
603 604
604 605
605 606
606 607
607 608
608 609
609 610
610 611
611 612
612 613
613 614
614 615
615 616
616 617
617 618
618 619
619 620
620 621
621 622
622 623
623 624
624 625
625 626
626 627
627 628
628 629
629 630
630 631
631 632
632 633
633 634
634 635
635 636
636 637
637 638
638 639
639 640
640 641
641 642
642 643
643 644
644 645
645 646
646 647
647 648
648 649
649 650
650 651
651 652
652 653
653 654
654 655
655 656
656 657
657 658
658 659
659 660
660 661
661 662
662 663
663 664
664 665
665 666
666 667
667 668
668 669
669 670
670 671
671 672
672 673
673 674
674 675
675 676
676 677
677 678
678 679
679 680
680 681
681 682
682 683
683 684
684 685
685 686
686 687
687 688
688 689
689 690
690 691
691 692
692 693
693 694
694 695
695 696
696 697
697 698
698 699
699 700
700 701
701 702
702 703
703 704
704 705
705 706
706 707
707 708
708 709
709 710
710 711
711 712
712 713
713 714
714 715
715 716
716 717
717 718
718 719
719 720
720 721
721 722
722 723
723 724
724 725
725 726
726 727
727 728
728 729
729 730
730 731
731 732
732 733
733 734
734 735
735 736
736 737
737 738
738 739
739 740
740 741
741 742
742 743
743 744
744 745
745 746
746 747
747 748
748 749
749 750
750 751
751 752
752 753
753 754
754 755
755 756
756 757
757 758
758 759
759 760
760 761
761 762
762 763
763 764
764 765
765 766
766 767
767 768
768 769
769 770
770 771
771 772
772 773
773 774
774 775
775 776
776 777
777 778
778 779
779 780
780 781
781 782
782 783
783 784
784 785
785 786
786 787
787 788
788 789
789 790
790 791
791 792
792 793
793 794
794 795
795 796
796 797
797 798
798 799
799 800
800 801
801 802
802 803
803 804
804 805
805 806
806 807
807 808
808 809
809 810
810 811
811 812
812 813
813 814
814 815
815 816
816 817
817 818
818 819
819 820
820 821
821 822
822 823
823 824
824 825
825 826
826 827
827 828
828 829
829 830
830 831
831 832
832 833
833 834
834 835
835 836
836 837
837 838
838 839
839 840
840 841
841 842
842 843
843 844
844 845
845 846
846 847
847 848
848 849
849 850
850 851
851 852
852 853
853 854
854 855
855 856
856 857
857 858
858 859
859 860
860 861
861 862
862 863
863 864
864 865
865 866
866 867
867 868
868 869
869 870
870 871
871 872
872 873
873 874
874 875
875 876
876 877
877 878
878 879
879 880
880 881
881 882
882 883
883 884
884 885
885 886
886 887
887 888
888 889
889 890
890 891
891 892
892 893
893 894
894 895
895 896
896 897
897 898
898 899
899 900
900 901
901 902
902 903
903 904
904 905
905 906
906 907
907 908
908 909
909 910
910 911
911 912
912 913
913 914
914 915
915 916
916 917
917 918
918 919
919 920
920 921
921 922
922 923
923 924
924 925
925 926
926 927
927 928
928 929
929 930
930 931
931 932
932 933
933 934
934 935
935 936
936 937
937 938
938 939
939 940
940 941
941 942
942 943
943 944
944 945
945 946
946 947
947 948
948 949
949 950
950 951
951 952
952 953
953 954
954 955
955 956
956 957
957 958
958 959
959 960
960 961
961 962
962 963
963 964
964 965
965 966
966 967
967 968
968 969
969 970
970 971
971 972
972 973
973 974
974 975
975 976
976 977
977 978
978 979
979 980
980 981
981 982
982 983
983 984
984 985
985 986
986 987
987 988
988 989
989 990
990 991
991 992
992 993
993 994
994 995
995 996
996 997
997 998
998 999
623 735
204 255
175 740
647 399
88 647
330 65
364 753
306 660
800 537
279 336
42 250
138 4
363 482
453 910
575 60
591 647
650 580
306 487
472 934
23 731
982 343
583 713
220 534
677 689
632 816
214 880
146 988
218 211
101 210
710 561
665 563
894 204
337 291
6 832
90 208
478 151
147 445
385 313
910 476
82 719
31 527
836 979
611 629
140 755
694 722
473 854
537 721
309 292
275 351
617 802
392 918
368 783
472 69
915 783
391 984
556 675
198 737
557 123
656 741
815 463
975 312
749 79
91 505
409 619
987 941
977 224
491 819
227 502
838 821
553 587
958 226
341 278
913 589
63 534
122 329
553 642
721 475
837 805
411 162
900 43
970 20
87 820
610 346
801 232
375 361
644 12
620 953
566 814
415 529
984 334
828 437
245 179
197 28
768 117
184 994
926 765
913 543
350 594
60 408
339 677
197 225
529 387
281 378
231 736
270 602
880 161
473 591
29 290
913 651
475 72
298 274
79 698
100 998
147 698
64 769
860 97
516 854
124 709
807 554
74 990
325 133
420 198
890 724
847 749
957 295
692 77
479 164
908 72
651 256
966 199
957 24
505 116
430 309
750 416
122 492
591 609
470 477
154 933
535 275
203 558
352 804
57 838
405 102
103 101
863 534
768 490
667 252
82 422
586 936
473 394
581 549
916 696
279 721
988 990
577 746
749 707
149 875
528 166
913 242
261 307
750 257
515 295
463 595
99 134
848 564
914 245
287 656
428 947
243 760
704 356
212 172
681 458
138 934
17 224
743 383
387 401
689 161
435 988
426 340
362 607
787 9
791 874
281 79
713 710
696 258
876 46
147 668
409 393
423 736
969 17
785 900
783 709
824 24
388 193
241 806
613 801
97 948
201 669
772 786
299 345
583 395
149 465
386 708
995 880
244 702
265 839
471 900
378 135
29 715
290 62
853 501
408 494
825 999
914 14
881 872
623 843
798 377
684 177
489 447
880 566
228 888
310 517
460 520
603 660
103 817
406 37
540 387
459 664
570 762
152 144
636 135
368 691
106 984
885 665
943 677
781 744
691 91
432 597
610 137
289 506
936 150
974 753
796 42
165 988
36 451
527 741
837 953
236 507
113 754
163 302
180 929
266 555
705 879
932 571
7 794
144 425
790 871
943 557
496 917
241 46
539 637
298 753
869 933
45 334
977 337
802 152
518 458
493 920
160 584
452 685
771 439
451 43
277 717
497 3
524 365
374 513
597 537
561 276
554 951
500 589
525 428
669 832
671 921
242 825
672 595
655 382
924 3
500 664
821 465
177 619
735 56
231 323
589 25
572 360
123 279
613 767
588 199
357 800
469 563
734 450
967 699
482 556
799 264
406 322
680 529
325 230
219 785
556 578
334 818
887 94
176 220
967 861
180 320
330 931
770 794
178 381
48 429
553 368
776 518
764 10
497 209
806 631
46 875
908 31
622 339
852 399
668 44
442 711
622 326
365 455
383 646
865 855
806 991
886 395
464 878
133 949
265 976
87 416
370 813
665 643
202 485
64 950
120 224
719 201
599 770
383 497
440 727
527 654
16 106
44 474
763 844
608 899
593 829
359 501
46 915
508 550
890 794
136 839
372 894
623 4
318 826
928 193
838 896
272 897
726 586
124 55
957 644
317 625
847 344
44 78
158 504
756 351
285 953
326 895
538 539
22 141
278 912
835 610
90 123
734 911
984 814
941 525
567 357
194 233
653 487
110 7
548 372
708 136
443 724
664 571
443 315
863 631
571 761
825 578
364 500
51 570
458 376
294 726
918 30
593 265
882 678
155 338
504 792
737 660
410 51
170 332
247 804
309 867
611 398
524 834
67 929
737 545
101 798
912 672
762 875
541 851
826 669
410 698
24 181
316 688
5 423
25 964
468 224
802 213
471 999
175 641
398 346
100 475
978 494
849 754
850 359
842 761
566 196
578 954
482 31
453 143
24 494
34 892
652 177
923 498
774 561
195 145
993 422
871 385
306 522
892 98
597 296
407 200
840 957
40 796
675 775
186 517
541 60
713 627
164 719
356 387
531 830
621 471
999 161
438 815
957 109
551 883
757 391
756 762
637 154
999 976
649 387
987 522
519 46
773 409
639 88
499 763
479 95
535 366
532 223
546 272
716 856
498 730
631 277
755 761
804 69
855 241
433 849
297 662
778 319
233 864
994 623
283 829
44 232
308 590
865 935
584 480
169 844
483 841
916 455
7 311
797 615
174 706
519 684
454 900
398 588
480 226
925 694
823 780
980 203
366 338
983 776
865 200
737 629
298 419
290 513
118 206
486 450
131 290
487 720
826 588
841 908
27 450
225 574
9 914
883 882
781 448
34 270
524 776
230 473
984 85
296 308
247 19
191 666
989 727
674 633
94 176
580 436
596 86
810 369
165 538
401 941
704 632
880 924
113 927
253 449
260 17
502 256
612 778
294 395
759 170
864 474
369 948
77 134
850 519
598 64
985 553
193 749
22 419
251 849
459 346
673 151
530 816
879 594
529 316
352 174
966 209
693 279
966 958
651 978
953 62
634 8
614 187
107 994
125 301
841 208
581 169
218 241
171 423
18 25
533 127
722 564
696 391
750 968
909 338
723 894
427 542
732 83
884 650
832 321
133 333
983 262
709 795
629 163
469 434
776 609
768 581
441 179
167 843
905 542
348 690
975 202
788 837
643 730
305 683
425 369
82 877
374 580
4 254
611 896
922 918
677 526
217 962
830 657
330 492
837 543
991 500
161 804
193 19
111 582
416 587
802 153
705 906
497 527
479 599
44 548
979 549
48 268
889 104
10 64
790 804
298 79
475 919
775 384
39 312
726 483
562 708
675 539
287 726
47 234
401 673
82 790
138 257
856 625
360 281
929 268
96 398
342 961
69 494
502 646
201 643
343 531
882 361
592 580
341 436
799 617
330 761
244 397
34 611
997 780
747 64
297 326
686 73
82 160
612 294
252 13
927 790
958 584
170 53
766 329
838 116
988 71
818 557
60 59
640 720
66 567
387 775
865 75
183 181
684 612
578 910
502 406
926 998
182 326
278 977
914 737
144 435
242 876
700 865
503 192
828 194
993 674
699 8
105 258
438 74
363 808
493 314
862 986
608 294
932 945
748 265
156 910
745 332
438 309
159 470
203 69
102 477
563 506
174 645
352 284
282 186
167 185
769 26
224 264
452 319
988 303
562 76
672 933
685 158
73 354
418 382
89 845
8 831
290 969
1 944
693 647
188 534
327 904
805 390
781 324
824 233
769 482
913 749
759 680
27 151
481 306
381 562
484 447
329 673
317 405
829 464
195 717
321 485
860 301
829 811
497 997
382 845
950 701
30 169
812 916
702 936
776 39
554 47
382 463
577 160
136 706
813 192
121 407
168 614
723 273
125 41
755 933
978 79
710 269
509 405
566 624
563 227
711 217
775 612
536 399
378 394
394 216
69 242
847 875
838 667
219 427
742 539
3 406
78 166
70 595
271 106
351 179
197 964
257 217
950 475
556 104
764 520
325 254
221 963
914 432
679 889
761 37
87 692
813 620
769 950
462 271
166 164
430 313
630 107
865 38
195 597
37 954
983 583
443 693
145 260
923 553
452 660
376 680
391 991
343 609
912 95
959 207
720 125
140 901
876 521
484 973
881 88
415 3
612 293
577 250
195 6
138 6
127 471
406 269
464 501
594 438
769 31
758 985
327 384
536 861
558 130
496 663
435 637
758 827
278 21
682 748
415 712
54 250
401 941
346 693
2 664
694 484
142 840
241 230
816 819
669 132
550 208
825 153
32 144
495 360
826 931
672 999
633 920
229 381
921 926
446 84
718 566
328 282
833 921
246 220
632 687
319 827
877 575
232 476
350 831
330 784
403 894
38 209
241 914
795 460
200 202
753 61
414 642
246 96
671 973
341 524
493 600
627 809
531 881
866 195
901 236
388 485
371 216
542 420
658 847
873 748
904 225
829 809
80 27
431 97
282 327
745 402
409 675
490 467
337 799
415 649
739 831
756 677
341 673
814 504
232 108
406 613
776 183
380 786
841 417
37 962
21 9
5 781
756 203
885 12
602 886
106 120
694 911
14 159
301 112
34 431
98 279
84 622
898 294
331 440
259 691
291 358
599 714
405 378
871 116
375 997
777 239
222 512
181 542
866 100
238 356
653 303
258 537
983 256
738 6
923 841
397 834
251 611
905 172
962 484
672 153
489 669
473 640
806 758
32 985
862 485
240 783
904 438
546 625
948 113
699 902
202 375
792 504
98 473
328 573
675 75
834 23
367 644
445 904
969 203
606 288
364 982
267 0
157 94
46 838
138 427
449 392
172 895
40 793
10 892
324 347
851 28
475 28
980 648
933 907
224 189
909 264
651 33
970 162
936 828
487 501
605 333
571 461
1 630
978 564
980 784
201 652
48 898
249 786
249 624
90 309
281 993
613 546
148 431
535 207
513 702
768 616
986 474
93 761
20 478
50 654
879 977
157 742
379 793
874 120
366 537
527 62
429 359
294 968
197 796
847 124
599 623
692 348
145 825
86 50
895 322
984 266
715 491
492 225
486 192
122 704
373 657
233 292
165 180
351 662
212 443
374 228
228 977
392 856
97 167
14 765
775 288
792 524
802 947
655 843
789 946
54 274
944 19
676 546
8 949
832 747
298 608
831 454
163 916
227 169
702 416
851 368
975 911
330 222
743 156
185 816
410 740
637 257
360 4
158 850
732 971
816 143
584 461
360 182
488 463
358 850
186 11
665 164
811 468
768 303
52 833
641 709
855 953
170 957
262 840
678 520
941 34
567 221
793 107
950 641
214 391
569 109
554 516
645 423
40 543
398 825
462 282
222 897
834 263
151 842
559 393
993 496
305 333
749 740
612 59
590 588
875 710
855 138
226 80
50 514
922 795
779 465
619 432
664 769
212 617
431 569
536 876
165 318
413 884
706 840
125 254
805 388
594 343
280 910
151 442
271 566
592 364
527 875
458 596
556 132
496 230
113 532
491 637
923 370
260 649
672 392
753 671
676 594
251 590
641 801
96 111
523 720
168 359
715 52
150 948
824 492
166 531
917 921
374 50
909 885
895 209
177 513
183 138
751 910
128 878
562 465
8 239
306 581
343 513
727 951
346 573
398 242
708 878
447 776
203 653
939 860
777 826
865 405
124 883
248 596
543 376
882 493
67 326
355 166
671 743
680 543
515 961
479 464
359 728
414 866
453 955
11 942
996 659
833 451
813 797
995 276
202 226
593 829
219 686
125 648
183 278
588 101
85 390
30 926
259 341
650 25
93 382
373 615
293 610
65 701
337 793
520 170
393 167
77 176
724 987
496 261
622 583
231 968
731 455
767 758
183 823
543 617
115 938
406 653
833 26
642 382
731 196
753 289
239 934
962 100
684 762
772 43
657 201
100 249
626 696
961 868
625 306
998 649
241 696
976 254
65 42
293 261
430 473
766 869
152 179
82 549
772 715
59 928
983 15
120 774
550 800
5 122
932 467
922 359
477 979
485 866
774 173
764 770
457 464
540 713
568 865
150 188
633 85
594 323
961 834
520 564
769 555
217 394
847 799
618 799
720 288
856 24
645 615
324 929
829 501
363 572
777 473
762 155
815 564
47 715
235 372
532 674
852 381
347 654
255 346
848 218
465 840
305 358
367 984
367 786
763 163
255 971
167 225
799 622
170 0
416 736
568 49
696 556
896 754
934 967
954 102
122 396
813 660
58 716
371 319
38 293
693 986
794 86
866 859
452 493
163 708
986 861
872 363
404 854
564 154
994 341
72 491
320 730
755 86
191 142
635 946
197 566
727 869
577 667
82 604
284 466
316 604
632 477
829 20
943 883
473 655
829 787
141 763
909 114
328 122
779 924
458 621
638 809
741 831
267 489
475 524
618 504
568 135
639 36
25 571
334 430
884 563
805 146
518 774
758 226
595 158
785 558
688 702
421 546
233 913
39 992
183 269
127 154
443 924
504 210
268 625
339 797
208 707
708 437
340 598
640 238
419 295
613 435
920 862
719 518
105 947
645 197
91 235
893 109
170 435
386 17
46 250
771 346
862 834
890 955
712 936
345 161
457 630
759 502
38 129
302 579
378 319
90 343
897 813
635 317
302 88
864 959
230 460
444 920
734 971
826 615
537 711
820 662
873 104
310 176
655 148
177 256
843 797
230 115
181 292
76 376
137 74
232 293
934 617
896 299
391 799
165 131
741 275
344 309
50 87
468 133
498 677
940 700
275 145
521 387
431 70
335 839
444 36
51 808
968 302
486 898
146 898
728 206
813 601
4 543
847 625
734 302
341 949
845 879
196 278
306 401
402 632
512 619
807 754
500 652
159 585
158 42
34 218
869 393
253 403
538 379
912 97
27 565
974 938
32 321
477 727
979 108
94 52
287 670
546 538
702 559
869 303
898 942
277 452
55 897
277 179
329 667
298 462
460 785
191 637
196 541
142 605
662 200
660 323
177 226
376 323
409 717
225 187
277 462
668 720
152 662
451 797
155 862
808 903
699 843
630 568
61 952
751 402
950 550
69 741
60 573
672 120
695 340
726 149
119 920
830 689
12 904
811 470
465 149
511 603
253 699
975 421
969 621
105 272
683 607
187 395
227 225
142 28
976 239
996 956
51 444
521 254
231 753
96 879
262 394
954 362
467 601
285 251
847 748
860 561
70 40
1 208
780 989
690 391
853 813
44 830
420 74
734 264
197 278
954 897
357 247
662 394
902 498
546 714
103 745
2 135
410 452
293 173
282 183
369 568
950 763
316 859
126 593
967 651
479 578
72 147
373 196
409 807
612 932
889 760
634 713
308 790
930 678
929 439
330 650
415 817
842 666
177 334
839 694
28 447
123 653
950 316
876 897
741 924
346 188
827 466
205 820
790 151
896 635
528 592
334 548
686 735
868 292
270 44
735 257
571 472
869 871
836 780
138 564
4 638
449 761
88 823
978 826
503 651
819 738
639 182
636 438
144 785
498 949
259 736
230 332
810 142
362 974
848 966
196 504
335 507
130 195
790 125
700 264
533 19
123 685
583 78
483 534
379 982
540 262
289 286
73 73
935 762
616 392
677 63
870 883
835 218
202 962
24 552
232 709
901 468
731 668
128 371
796 302
899 52
604 250
101 142
668 906
103 98
790 501
599 152
348 421
205 712
169 633
272 291
785 252
820 276
427 250
530 584
747 187
597 455
941 858
703 295
227 885
753 658
750 931
969 813
73 369
828 756
270 90
258 397
357 384
271 255
261 70
863 929
541 248
470 585
820 478
465 96
744 291
226 59
694 464
29 963
168 772
674 933
950 237
28 827
482 563
739 518
553 128
514 472
833 324
831 770
949 941
863 16
601 471
727 114
658 100
107 33
21 573
997 135
117 840
589 23
409 875
575 979
886 591
102 686
192 892
811 31
352 273
949 652
841 743
592 193
586 398
403 121
316 838
191 674
120 489
572 174
413 375
554 425
235 342
80 868
860 100
360 989
280 566
965 697
352 960
373 767
247 422
717 993
607 865
964 634
257 737
883 582
255 959
253 944
983 58
997 497
485 201
901 708
694 917
257 723
782 609
642 387
663 602
184 754
743 315
936 671
489 726
970 586
200 673
717 188
934 600
184 157
588 967
925 573
614 463
202 367
992 382
878 747
116 716
903 831
616 390
584 471
848 751
406 908
813 454
533 219
100 973
684 498
795 320
25 726
229 676
487 755
373 222
5 485
557 486
161 34
358 75
210 866
522 691
361 251
697 549
905 229
962 751
786 131
118 190
202 928
879 123
841 459
913 898
185 966
783 585
840 242
486 983
849 547
209 61
704 855
397 479
666 562
925 660
611 686
472 766
360 591
816 13
87 858
434 347
865 51
229 783
975 399
389 403
411 145
259 525
232 376
943 239
441 306
120 886
924 508
280 101
225 135
421 857
356 372
887 841
668 878
15 216
825 232
807 519
195 339
196 394
522 275
440 956
688 326
66 917
736 786
660 954
388 520
242 196
261 527
648 348
382 959
308 532
435 640
65 745
987 775
505 506
770 206
165 63
177 411
566 726
79 916
447 215
388 605
283 201
648 414
958 889
89 474
636 158
475 398
77 29
86 221
474 809
945 738
854 967
764 4
458 947
622 798
914 647
844 981
562 599
407 155
683 576
644 967
574 920
539 193
359 72
284 809
480 839
109 976
352 782
992 405
254 574
522 396
771 425
995 605
794 163
798 691
773 803
37 899
253 540
821 497
489 620
65 611
96 909
624 883
905 927
300 905
42 976
116 523
19 409
781 292
566 306
678 82
898 100
50 113
411 137
371 642
916 26
689 801
813 920
385 774
370 773
208 635
65 785
422 275
274 332
72 159
430 662
609 760
630 714
858 239
969 469
596 743
283 877
668 519
720 123
570 414
195 242
488 977
165 494
260 99
393 547
669 413
423 196
733 493
769 153
619 785
443 854
121 387
988 395
803 447
509 908
461 418
346 241
787 827
203 391
160 376
149 982
687 769
290 254
876 875
522 447
302 978
198 604
586 664
954 415
372 850
380 583
933 14
397 937
393 959
43 287
854 512
663 347
739 989
316 562
406 643
20 47
310 359
285 442
716 187
152 590
437 254
518 966
942 250
597 381
431 511
764 327
749 774
89 745
248 458
110 632
441 8
567 337
607 29
307 788
295 825
865 18
930 647
184 518
218 466
203 9
95 368
312 302
21 21
158 624
539 391
434 195
615 830
627 348
936 439
214 965
267 888
1 739
779 983
984 59
86 286
798 319
234 853
130 180
888 65
48 952
983 682
678 749
395 205
244 533
688 689
15 555
704 942
776 988
979 57
53 549
393 947
127 862
503 758
589 937
395 347
976 963
405 350
501 654
754 292
10 489
278 563
1 273
45 456
605 510
879 312
211 394
527 724
230 902
62 618
475 313
256 388
587 9
94 470
493 777
243 319
305 791
545 865
865 636
159 882
883 215
489 760
715 2
614 561
921 242
42 592
825 382
996 926
434 396
